37223101220235026484463486383571428675454846978471337215717656455944359938271187
16999215541914515421654492358192825482843773121929739832663839638711262213215913
34871778451529841348447836742988373975288514341466821912679353648979356179975244
32136559133473883325767245566776694339946795823529721752187715974897743963257493
79177494464753631333866959249759388354311842717526119878157772634399891377298411
64169614439997222488674487373757775312672948458777718387683876216871311469769957
14613516271512471828937317424722811282436768352341372672899619781윽쟁젝0푹멧씻98381619
19785347759211246923222875115684997143432369565698365763265265662312934321152542
26742326167992868957529325276129489243482256657333454699781695745933436525586485
35984616482813128465427742892649954129127494115754114882782622463671239674237975
31798643862264917735411867498155213699217556152314486755314244326399813426377628
78743855635396499637416323916375961631584518973328585144538917584139355382383281
48153994637787947231281592541795854413823664235181623565522123892817533956288747
67786498115826233738581746917273987537894567222444554911841931145555285881256834
23324657767626957874136497498148693838741998451222746385386871573998495387669929
74387211541693216761418348377949925꼿옆값0굼뜻렸48826824914249671688649713732742148696
62921989924951691344263556511119386148355467726395162815468755826542765957678188
99314557455918461965756561256462166248517431246644314693337868565354187794653435
21883363435127262524874778425371193849215175816717847526425344121382713577217835
92513956311513238832959823928158139665748334833461488378915484112931685611779127
93162596376298651157137495664771787473716767727838265518246239449873626635989247
93781814125177284924315937697424724574716442976511487111389369655559642866437846
98418692568577485337862534547443325298768719584116571247857926454752616549826297
25865995767681345139229815172226981463626179392622586783698774848731383325349699
77482137444724176875764686647336889993758178756139375216864891848115옺궂붓0뺌슈언52819
94151927614942293959865126548959444382387249947496763854684782336262985971296115
25762736486185264553646362411758689526967228578914386778313321134389638775444123
11715959854737652258859276652695212435891294513491185874342665661992614457274771
56887823144492547616762562731424176894684956342938347594366869228656646298363666
47589521535925514319863399373699952336232143626137635352972972363537114133899774
45968481891163896417818854992823395945917934967618561752146731868826121882814655
56295928955166599673693576737785223175635615949438245398192849122116547758168283
85922325861873255232938799757453377948313479189672284625946193665745729724987296
99813924668183533142437847137925257241541956881332712646179883744466442958157771
11662792444326846463984929926144336691641455162617617574754285868738881838342828
9437턱섦덛0양옻곳836971122127926982348924679681625799218945892134237171615955529881533
17745179238365742592898658786385339243185675691611837318381763296772873123356452
64424268574214451472944623441355918765561218469797235517594216794319858846184123
27323989214621368924168253868392833135269349419315587917935682569847862486264196
11817535755655622138328933828835661156654174639845857741754974852456577599245339
46581434752911474991225396463688593622581177224284638539139349613147781925375843
48193931147277545334925555751181251666624173172391166958623893882561534473594482
75873448932455356529485847741487737221277793574711797518262333794744565955647569
66316293815633772938538777845289946619117154576882957235429516544662799523712878
152459892423716426213428254968183옮음닮0요챤챈1146865758713276876183298412756757173124
68182897738562163277198488724258219461955133577467965326763639496261759639875461
44779149219578993431175748711591427551629369357982688954665436511162945196572771
53933478592471836736544458613156722523835292372175335738627619411553496491561762
34897661262888456191468478347385585447134718493544518584763791429624686754122668
41667749655776331462268272173414176741639948432278222358367914189521133659784838
42848422213638116683837989249726472559932563438719435744936748611127148126812584
26671719137583917478426577757556224886158777478231972571712237359855958657432757
63291335171226442878864555755669564619887191179264196369136314414864767669271271
55435411868974645676183922622231374715148479412817317959135786655633562912936585
92963415858353117478667757395518429362683275347826855723357512791182952896155778
81316246358485169628827727857369463887594135195873897222697493313574958674958283
1412589935959948757723979772626634752327313823831347654968111백쉬썹0썽옵돗668227577375
29929859136394664732543462838442963447458833116886454678876782957696841148711356
39944717144861963565484445748841324578463618568827985483545928977514684842136831
83518235738886675354879848295974538415525653358599734462197396488417384632963287
12314162854217518562446285729775878659755982598711748144811382737551327823925584
41948589156939818828522824521998645233141932994168342862936873921114541762133412
75571853399375647569676128593146655866849293347869912911896492618966179227476455
89174559349622777986791964529746869462669487571293323365235479961354282573788781
62971363142972944871932843447679328947384756958952278281669618921226471626582237
38892692361221244176746873549545252631862765126377558꽂앞엣0펏돕되66423195861473233558
91577923513351543317997135819454552213771271693487286837876551195828627275895833
88541534123323158148935954364192142392724447297331749251297797774456553379321689
73531175611888374778291595478192982799146594153297471766969865526184694572583365
73297936431275993261947357876514886129841766358617551736258523139344885512997226
64475754324241434689719782997724975781796156886268116293871973612375117865946256
67294579687776866414951633963978712448474361422443441176589597142718311616273761
56947121943941524219892351638197428742519695272436171416231613718121931897523789
14472942936931941748875165382111444429184785853942584946268883512438678414247623
11358621568769274954446237214928792572995317468763958674778472445488677885154639
32519474466647514697431231192929829158485394479149391142722511378196755938987598
95834163779381656119223981672875878653343817765936587823469494414742546181297132
521422878967196137525932589565743914294378829526963967156245314728436땁삮흣0히딧늪5476
82168385631518641823495681614795751929389321845982324266391772552499696512467159
75467493688676957325117581785678666181341343569154773512858835386244134792194533
21452336226976631796814326181422118251375329364554919245929896284454797997871172
83774245729114582214542628247932343154184582953781221912656982472432588715536957
42245682162732292328762687829991327658982748141936696333683811235917641467395249
96471923221915457864131794314986895792491198766972147918335783647219637853328913
63674713329344716242982568964164278629316333276586621753218693226819253724488628
35727176125634199487634768353876356227161214824226447956571558891145414363883831
53121275518468838952627938125287245334492597183293484291389479783641554736658523
81494212929558932782275362397222865591924169768178485381551625171165368897598918
7291453438894769378762741464489919358331846862429978746993367812532뜻립멜0부엥콥526872
39379823673294994432379325425972292333261927811746141583555956631173524472617261
71581538327764523717975245233298668881894258816797365321272754569296889791911659
34235522416859942121884594865612938646433448877945444795791844255631775532623182
34877683636355944327496388845433771288191345693956225778596468961854343599379774
52855972122114287927725295213281138352897973796837198918191415726123252944941498
11943515731485699188215121169795673554566359249385172797781263943338964316352645
45856629848115735299218451534292498282915786159485919796719187595237287254241784
83622455847485669987433111954666865554432546613125574118952631417584888518658146
96367877734397411757556518979941782898765597169947133852251748976685469438198784
93155586141894957866223334144489178674718852639989636558333729645563163386657231
13248749661571272853243288825288343795484818114215291773545492153389636258717138
9367716658884666879315345665951662224437371559265315
